return {
    ["LeftElbowPatrol"] = CFrame.new(0, -0.15000000596046448, -0.25, 1, 0, 0, 0, 0.6427876353263855, 0.7660444378852844, 0, -0.7660444378852844, 0.6427876353263855),
    ["LeftAim"] = CFrame.new(1.600000023841858, 0.6000000238418579, -0.8500000238418579, 0.7424038648605347, 0.34618863463401794, 0.5735764503479004, -0.4810250699520111, -0.3204714357852936, 0.8160349726676941, 0.4663168489933014, -0.8817321062088013, -0.07139382511377335),
    ["RightWristSprint"] = CFrame.new(0, 0, 0.15000000596046448, 1, 0, 0, 0, 0.9396926164627075, -0.3420201241970062, 0, 0.3420201241970062, 0.9396926164627075),
    ["LeftHighReady"] = CFrame.new(0.6499999761581421, 0.4000000059604645, -1.2999999523162842, 0.75, -0.4330126941204071, 0.5, -0.6613574028015137, -0.5027170181274414, 0.5566704273223877, 0.010313153266906738, -0.7481815218925476, -0.663413941860199),
    ["RightElbowSprint"] = CFrame.new(0, -0.44999998807907104, -0.25, 1, 0, 0, 0, 0.17364822328090668, 0.9848077297210693, 0, -0.9848077297210693, 0.17364822328090668),
    ["LeftSprint"] = CFrame.new(1, 1, -0.6000000238418579, 0.8754260540008545, 0.4082179069519043, 0.258819043636322, -0.4647020697593689, 0.563511848449707, 0.6830126643180847, 0.1329704076051712, -0.7182008028030396, 0.6830126643180847),
    ["LeftWristSprint"] = CFrame.new(0, 0, 0, 1, 0, 0, 0, 1, 0, 0, 0, 1),
    ["LeftPatrol"] = CFrame.new(1.5, 1.100000023841858, 0, 1, 0, 0, 0, 1, 0, 0, 0, 1),
    ["LeftWristPatrol"] = CFrame.new(0, 0, 0, -4.371138828673793e-08, 0, -1, 0, 1, 0, 1, 0, -4.371138828673793e-08),
    ["MainCFrame"] = CFrame.new(0.5, -0.8500000238418579, -0.75, 1, 0, 0, 0, 1, 0, 0, 0, 1),
    ["RightWristAim"] = CFrame.new(0, 0, 0.15000000596046448, 1, 0, 0, 0, 0.9396926164627075, -0.3420201241970062, 0, 0.3420201241970062, 0.9396926164627075),
    ["RightLowReady"] = CFrame.new(-0.8999999761581421, 1.25, 0, 1, 0, 0, 0, 1, 0, 0, 0, 1),
    ["MagCheck"] = function ()
        
    end,
    ["SprintAnim"] = function ()
        
    end,
    ["SV_RightWristPos"] = CFrame.new(0, 0, 0.15000000596046448, 1, 0, 0, 0, 0.9396926164627075, -0.3420201241970062, 0, 0.3420201241970062, 0.9396926164627075),
    ["ReloadAnim"] = function ()
        
    end,
    ["HighReady"] = function ()
        
    end,
    ["RightWristPatrol"] = CFrame.new(0, 0, 0, 0.9659258127212524, 0.258819043636322, 0, -0.258819043636322, 0.9659258127212524, 0, 0, 0, 1),
    ["RArmCFrame"] = CFrame.new(0.05000000074505806, -0.15000000596046448, 1, 1, 0, 0, 0, -4.371138828673793e-08, -1, 0, 1, -4.371138828673793e-08),
    ["SV_GunPos"] = CFrame.new(-0.30000001192092896, -0.20000000298023224, -0.4000000059604645, 1, -0, 0, 0, -4.371138828673793e-08, 1, 0, -1, -4.371138828673793e-08),
    ["LeftElbowSprint"] = CFrame.new(0, 0, 0, 1, 0, 0, 0, 1, 0, 0, 0, 1),
    ["JammedAnim"] = function ()
        
    end,
    ["GrenadeReady"] = function ()
        
    end,
    ["meleeAttack"] = function ()
        
    end,
    ["LeftElbowHighReady"] = CFrame.new(0, 0, -0.10000000149011612, 1, 0, 0, 0, 0.9659258127212524, 0.258819043636322, 0, -0.258819043636322, 0.9659258127212524),
    ["RightHighReady"] = CFrame.new(-1.100000023841858, 0.5, -1.100000023841858, 1, -0, 0, 0, -4.371138828673793e-08, 1, 0, -1, -4.371138828673793e-08),
    ["LeftWristAim"] = CFrame.new(0, 0, 0, 1, 0, 0, 0, 1, 0, 0, 0, 1),
    ["RightElbowLowReady"] = CFrame.new(0, -0.44999998807907104, -0.25, 1, 0, 0, 0, 0.17364822328090668, 0.9848077297210693, 0, -0.9848077297210693, 0.17364822328090668),
    ["Patrol"] = function ()
        
    end,
    ["SV_RightElbowPos"] = CFrame.new(0, -0.44999998807907104, -0.25, 1, 0, 0, 0, 0.17364822328090668, 0.9848077297210693, 0, -0.9848077297210693, 0.17364822328090668),
    ["SV_LeftWristPos"] = CFrame.new(0, 0, 0, 0.9659258127212524, 0, -0.258819043636322, 0, 1, 0, 0.258819043636322, 0, 0.9659258127212524),
    ["LeftElbowLowReady"] = CFrame.new(0, 0, 0, 1, 0, 0, 0, 1, 0, 0, 0, 1),
    ["RightSprint"] = CFrame.new(-0.8999999761581421, 1.25, 0, 1, 0, 0, 0, 1, 0, 0, 0, 1),
    ["IdleAnim"] = function ()
        
    end,
    ["EquipAnim"] = function ()
        
    end,
    ["LeftWristLowReady"] = CFrame.new(0, 0, 0, 1, 0, 0, 0, 1, 0, 0, 0, 1),
    ["GunCFrame"] = CFrame.new(0.15000000596046448, -0.20000000298023224, 0.8500000238418579, 1, 0, 0, 0, -4.371138828673793e-08, -1, 0, 1, -4.371138828673793e-08),
    ["SV_LeftElbowPos"] = CFrame.new(0, 0, -0.10000000149011612, 1, 0, 0, 0, 0.9659258127212524, 0.258819043636322, 0, -0.258819043636322, 0.9659258127212524),
    ["GunModelFixed"] = true,
    ["SV_LeftArmPos"] = CFrame.new(1, 1, -1, 0.8528684973716736, 0.15038372576236725, 0.5, -0.5150768160820007, 0.08550507575273514, 0.8528684973716736, 0.08550500869750977, -0.9849231243133545, 0.15038377046585083),
    ["RightPatrol"] = CFrame.new(-0.8500000238418579, 0.75, -1.2999999523162842, -4.371138828673793e-08, 0, -1, 0.5, 0.8660253882408142, -2.1855694143368964e-08, 0.8660253882408142, -0.5, -3.785517321830412e-08),
    ["RightElbowAim"] = CFrame.new(0, -0.20000000298023224, -0.25, 1, 0, 0, 0, 0.4999999701976776, 0.866025447845459, 0, -0.866025447845459, 0.4999999701976776),
    ["TacticalReloadAnim"] = function ()
        
    end,
    ["LArmCFrame"] = CFrame.new(-0.6499999761581421, -0.15000000596046448, -0.3499999940395355, 0.9330126643180847, -0.25, 0.258819043636322, 0.14640182256698608, -0.39331352710723877, -0.9076733589172363, 0.32871538400650024, 0.8847623467445374, -0.3303660750389099),
    ["LeftLowReady"] = CFrame.new(1, 1, -0.6000000238418579, 0.8754260540008545, 0.4082179069519043, 0.258819043636322, -0.4647020697593689, 0.563511848449707, 0.6830126643180847, 0.1329704076051712, -0.7182008028030396, 0.6830126643180847),
    ["LowReady"] = function ()
        
    end,
    ["RightWristLowReady"] = CFrame.new(0, 0, 0.15000000596046448, 1, 0, 0, 0, 0.9396926164627075, -0.3420201241970062, 0, 0.3420201241970062, 0.9396926164627075),
    ["LeftWristHighReady"] = CFrame.new(0, 0, 0, 0.9659258127212524, 0, -0.258819043636322, 0, 1, 0, 0.258819043636322, 0, 0.9659258127212524),
    ["RightWristHighReady"] = CFrame.new(0, 0, 0, 1, 0, 0, 0, 1, 0, 0, 0, 1),
    ["LeftElbowAim"] = CFrame.new(0, 0, 0, 1, 0, 0, 0, 1, 0, 0, 0, 1),
    ["RightAim"] = CFrame.new(-0.6000000238418579, 0.8500000238418579, -0.5, 1, 0, 0, 0, 0.6427876353263855, 0.7660444378852844, 0, -0.7660444378852844, 0.6427876353263855),
    ["RightElbowPatrol"] = CFrame.new(0, -0.20000000298023224, -0.10000000149011612, 1, 0, 0, 0, 0.7660444378852844, 0.6427875757217407, 0, -0.6427875757217407, 0.7660444378852844),
    ["SV_RightArmPos"] = CFrame.new(-0.8999999761581421, 1.25, -0.3499999940395355, 1, 0, 0, 0, 0.8660253882408142, 0.5, 0, -0.5, 0.8660253882408142),
    ["PumpAnim"] = function ()
        
    end,
    ["GrenadeThrow"] = function ()
        
    end,
    ["RightElbowHighReady"] = CFrame.new(0, -0.25, -0.3499999940395355, 1, 0, 0, 0, 0.7071067690849304, 0.7071067690849304, 0, -0.7071067690849304, 0.7071067690849304)
}
